
1 ~ 99   

111 222 333 444 555 666 777 888 999

123 234 345 456 567 678 789               1
987 876 765 654 543 432 321 210           -1

135 246 357 468 579                       2
975 864 753 642 531 420                   -2

147 258 369                               3
963 852 741 630                           -3
 
159 951 840                               4


111,123,135,147,159
210,222,234,246,258
321,333,345,357,369
420,432,444,456,468
531,543,555,567,579 
630,642,654,666,678   
741,753,765,777,789   
840,852,864,876,888
951,963,975,987,999 

99 45 = > 144

modular 