1 ->0 1 2 3 4 5 6 7 8 9 : 9
    0 1 1 1 1 1 1 1 1 1

2 -> 12 10  21 23  32 34  43 45 54 56 65 67 76 78 87 89 98  : 17 = 9*2 - 1
      
      1  1  2  2  2  2  2  2  2 1

3 ->  210 // 101 121 321 // 212 232 432 // 123 323 343 543//  234 434 454 654 // 345 545 565  765 //456  656 676  876// 567 767  787 987
         // 678   878 898 // 989 789 
      1  3  3  4  4  4  4  4  3  2  : 32 = 17*2 - 2

4 ->  3  4  7  7  8  8  8  7  6  3 : 61  = 32*2 - 3

5 ->  4  10 11 15 15 16 15 14 10 6   116 = 61*2 - 6

6 ->  10 15 25 26 31 30 30 25 20 10  222 = 116 * 2 - 10
