1 => 0 ~ 9 		10
2 => 0 -> 10                             55
     1 -> 9                     
     2 -> 8
     3 -> 7
     4 -> 6
     5 -> 5
     6 -> 4
     7 -> 3
     8 -> 2
     9 -> 1
                                           220
3 => 0                  55   
     1                  45
     2                  36
     3                  28
     4                  21 
     5                  15
     6                  10
     7                   6
     8                   3
     9                   1

4 =>  0                220      
        