4 5
50 45 37 32 30
35 50 40 20 25
30 30 25 17 28
27 24 22 15 10	



1 0 0 0 0 
0 0 0 0 0
0 0 0 0 0
0 0 0 0 0


1 1 0 0 0 
1 0 0 0 0
0 0 0 0 0
0 0 0 0 0


1 1 1 0 0 
1 0 0 0 0
0 0 0 0 0
0 0 0 0 0


1 1 1 1 0 
1 0 0 0 0
0 0 0 0 0
0 0 0 0 0

...

1 1 1 1 1 
1 0 0 2 1
1 0 0 1 0
0 0 0 0 0 



1 1 1 1 1
1 0 0 2 1
1 0 0 2 0
1 1 1 3 3




天天天天天
4 4
9 8 7 6
8 7 6 5
7 6 5 4
6 5 4 3

1 1 1 1
1 2 3 4
1 3 6 10
1 4 10 20

4 4
10 9 8 7 
9 8 5 6
7 6 4 3
4 3 2 1

1 1 1 1
1 2 4 1
1 3 7 8
1 4 11 19

4 4
16 15 14 13
9 10 11 12
8 7 6 5
1 2 3 4

1 1 1 1
4 3 2 1
4 7 9 10
30 26 19 10



5 4
20 19 18 17
13 14 15 16
12 11 10 9
5 6 7 8
4 3 2 1




1 1 1 1
4 3 2 1
4 7 9 10
30 26 19 10
30 56 75 85



4 3 
10 9 8
13 14 7
4 5 6
3 2 1

1 1 1
0 0 1
1 1 1
1 2 3

4 4
14 13 12 11
16 15 9 10
5 6 7 8
4 3 2 1


1 1 1 1
0 0 2 1
3 3 3 1
3 6 9 10

5 3
13 12 11
14 15 10
7 8 9
6 5 4
1 2 3

5 3
15 14 13
10 11 12
9 8 7
4 5 6
3 2 1

1 1 1
3 2 1
3 5 6
14 11 6
14 25 31