7
1 2 1 3 1 2 1
4
1 3
2 5
3 3
5 7




1 0 1 0 0 0 1
  1 0 0 0 1 0
    1 0 1 0 0
      1 0 0 0
        1 0 1
          1 0 
            1  
    


dp[i][j] = if(dp[i-


1 1 -> 1 7  
2 2 -> 2 6
3 3 -> 3 5
4 4 

8 
1 2 3 4 4 3 2 1

1 0 0 0 0 0 0 1
  1 0 0 0 0 1 0
    1 0 0 1 0 0
      1 1 0 0 0
        1 0 0 0
          1 0 0
            1 0
              1

12
1 2 1 3 1 2 1 1 1 1 1 1


1 0 1 0 0 0 1 0 0 0 0 0
  1 0 0 0 1 0 0 0 0 0 0
    1 0 1 0 0 0 0 0 0 0
      1 0 0 0 0 0 0 0 0
        1 0 0 0 0 0 0 0
          1 0 0 0 0 0 0

5
1 3 3 3 1

1 0 0 0 1
  1 0 1